
20240202kt_020500_start0.0_2.mp4 2
20240202kt_020500_start4.5_3.mp4 3
20240202kt_020500_start8.5_3.mp4 3
20240202kt_020500_start11.15_2_3_9_12.mp4 2,3,9,12
20240202kt_020500_start12.3_2_3_9_12.mp4 2,3,9,12
20240202kt_020500_start14.5_2_3_9_12.mp4 2,3,9,12
20240202kt_020500_start16.45_2_3_9_12.mp4 2,3,9,12
20240202kt_020500_start17.35_2_3_9_12.mp4 2,3,9,12
20240202kt_020500_start17.9_2_3_9_12.mp4 2,3,9,12
20240202kt_020500_start18.7_2_3_9_12.mp4 2,3,9,12
20240202kt_020500_start20.45_2_3_9_12.mp4 2,3,9,12
20240202kt_020500_start21.2_2_3_9_12.mp4 2,3,9,12
20240202kt_020500_start22.7_2_3_9_12.mp4 2,3,9,12
20240202kt_020500_start24.25_2_3_9_12.mp4 2,3,9,12
20240202kt_020500_start24.75_2_3_9_12.mp4 2,3,9,12
20240202kt_020500_start26.7_2_3_9_12.mp4 2,3,9,12
20240202kt_020500_start28.3_2_9.mp4 2,9
20240202kt_020500_start30.7_2_9.mp4 2,9
20240202kt_020500_start32.3_2_9.mp4 2,9
20240202kt_020500_start34.7_2_9.mp4 2,9
20240202kt_020500_start36.3_2_9.mp4 2,9
20240202kt_020500_start38.7_2_9.mp4 2,9
20240202kt_020500_start40.2_2_9.mp4 2,9
20240202kt_020500_start42.7_2_3_9_12.mp4 2,3,9,12
20240202kt_020500_start43.95_2_3_9_12.mp4 2,3,9,12
20240202kt_020500_start44.65_2_3_9_12.mp4 2,3,9,12
20240202kt_020500_start46.45_2_3_9_12.mp4 2,3,9,12
20240202kt_020500_start47.7_2_3_9_12.mp4 2,3,9,12
20240202kt_020500_start48.35_2_3_9_12.mp4 2,3,9,12
20240202kt_020500_start50.7_2_3_9_12.mp4 2,3,9,12
20240202kt_020500_start51.7_3_9.mp4 3,9
20240202kt_020500_start54.7_2_3_9_12.mp4 2,3,9,12
20240202kt_020500_start55.35_2_3_9_12.mp4 2,3,9,12
